{
  "asset": {
    "version": "2.0",
    "generator": "THREE.GLTFExporter"
  },
  "scenes": [
    {
      "nodes": [
        0
      ]
    }
  ],
  "scene": 0,
  "nodes": [
    {
      "children": [
        1,
        32,
        33,
        53,
        111,
        152,  
        158,
        159,
        160
      ],
      "matrix": [
        0.01,
        0,
        0,
        0,
        0,
        0.01,
        0,
        0,
        0,
        0,
        0.01,
        0,
        0,
        0,
        0,
        1
      ]
    },
    {
      "matrix": [
        0.15621042627391882,
        -0.26578313736071857,
        -0.9512926083062003,
        0,
        -0.8621221179618305,
        -0.5067005562667242,
        0,
        0,
        -0.4820204938011747,
        0.8201303982743754,
        -0.3082894311876196,
        0,
        0,
        0,
        0,
        1
      ],
      "name": "Directional Light",
      "extensions": {
        "KHR_lights_punctual": {
          "light": 0
        }
      }
    },
    {
      "matrix": [
        0.8008943351428096,
        0.0275671561684027,
        0.5981708082455238,
        0,
        0.5958771948192219,
        0.061983584314543844,
        -0.8006799635123506,
        0,
        -0.05914924032243538,
        0.9976963902793882,
        0.03321566186259047,
        0,
        91.13037574256123,
        -5.599463361763828,
        63.77835797197229,
        0.9999999999999998
      ],
      "name": "Shape 6",
      "mesh": 0
    },
    {
      "matrix": [
        -0.8389093067830453,
        -0.5333178527062797,
        0.10864273090187122,
        0,
        -0.05276470260895786,
        0.2783629874801136,
        0.9590255123613639,
        0,
        -0.5417075420848778,
        0.7988029263755654,
        -0.2616616587550619,
        0,
        -108.90667814317085,
        1.6001439268719433,
        -69.29577309949069,
        1
      ],
      "name": "Shape 10",
      "mesh": 1
    },
    {
      "matrix": [
        -0.9128661953565127,
        -0.22950709665107022,
        0.3376415287880694,
        0,
        0.32259283920808884,
        0.10138202291193535,
        0.9410927401283041,
        0,
        -0.2502182436738309,
        0.9680124885647504,
        -0.018510875606089067,
        0,
        -39.90125701767403,
        -3.0671550641387832,
        62.44623540373766,
        1
      ],
      "name": "Shape 5",
      "mesh": 2
    },
    {
      "matrix": [
        -0.3774533364392151,
        0.6239063859372825,
        -0.6843024188161743,
        0,
        -0.6876642136715955,
        0.30606764553789995,
        0.658362001933974,
        0,
        0.6201990874279774,
        0.71907121896353,
        0.31351184030585344,
        0,
        52.23762049337108,
        -2.4853565366057695,
        63.3718705402298,
        1
      ],
      "name": "Shape 4",
      "mesh": 3
    },
    {
      "matrix": [
        -0.8845231764839194,
        -0.25571738824053497,
        -0.39016325764258303,
        0,
        -0.4653755816688509,
        0.4257623469321503,
        0.7759845307229921,
        0,
        -0.032315913250940576,
        0.8679487549886942,
        -0.49560129183094076,
        0,
        -59.330800130191896,
        0.481747072155433,
        -101.1349158160684,
        0.9999999999999998
      ],
      "name": "Shape 9",
      "mesh": 4
    },
    {
      "matrix": [
        -0.8144057085091027,
        0.21318914797977817,
        0.5397163413604421,
        0,
        0.4964008055411718,
        -0.22576473422076448,
        0.8382222408409952,
        0,
        0.3005488017044199,
        0.950568604555206,
        0.0780368235396286,
        0,
        95.6786521562319,
        -5.313870821459408,
        56.91974083068636,
        1.0000000000000002
      ],
      "name": "Shape 13",
      "mesh": 5
    },
    {
      "matrix": [
        0.993816878364673,
        -0.11103158234256542,
        -1.3877787807814463e-17,
        0,
        -2.775557561563052e-17,
        1.1102230246252216e-16,
        -1.0000000000000586,
        0,
        0.11103158234257188,
        0.9938168783647311,
        1.11022302462522e-16,
        0,
        -109.84271044884245,
        -5.21280020879694,
        -40.93514801592995,
        1
      ],
      "name": "Shape",
      "mesh": 6
    },
    {
      "matrix": [
        1,
        0,
        0,
        0,
        0,
        1,
        0,
        0,
        0,
        0,
        1,
        0,
        -236.07564185755353,
        1.011115562512403,
        9.427962840909913,
        1
      ],
      "name": "Group 2",
      "children": [
        2,
        3,
        4,
        5,
        6,
        7,
        8
      ]
    },
    {
      "matrix": [
        -0.8660254037844388,
        5.053215498074303e-16,
        0.49999999999999994,
        0,
        4.906500611492035e-16,
        0.9999999999999998,
        -1.608122649676636e-16,
        0,
        -0.4999999999999999,
        1.0605752387249069e-16,
        -0.8660254037844387,
        0,
        83.54420091257998,
        -6.661338147750936e-15,
        -61.49618904782199,
        1
      ],
      "name": "Sphere 20",
      "mesh": 7
    },
    {
      "matrix": [
        -0.9396926207859086,
        8.057929253796545e-17,
        0.3420201433256685,
        0,
        1.1507915602278503e-16,
        0.9999999999999998,
        8.057929253796543e-17,
        0,
        -0.34202014332566844,
        1.1507915602278503e-16,
        -0.9396926207859086,
        0,
        -12.516970986720425,
        7.99360577730113e-15,
        93.91905191583979,
        1
      ],
      "name": "Sphere 19",
      "mesh": 8
    },
    {
      "matrix": [
        0.25881904510251946,
        8.057929253796572e-17,
        0.9659258262890689,
        0,
        9.030247332024434e-17,
        0.9999999999999998,
        -1.076182969995441e-16,
        0,
        -0.9659258262890686,
        1.150791560227849e-16,
        0.25881904510251946,
        0,
        -66.63918677610863,
        -0.013331861300563743,
        61.17392706476596,
        1
      ],
      "name": "Sphere 20",
      "mesh": 9
    },
    {
      "matrix": [
        -0.7660444431189787,
        2.0118345878815515e-16,
        -0.6427876096865387,
        0,
        9.381338752702742e-17,
        1,
        2.0118345878815515e-16,
        0,
        0.6427876096865384,
        9.381338752702746e-17,
        -0.7660444431189787,
        0,
        105.1376055246684,
        -0.013331861300563743,
        5.372482574784211,
        1
      ],
      "name": "Sphere 20",
      "mesh": 9
    },
    {
      "matrix": [
        -0.4226182617406995,
        2.3345537295841077e-16,
        -0.90630778703665,
        0,
        5.1755810150196545e-17,
        0.9999999999999998,
        2.334553729584107e-16,
        0,
        0.9063077870366499,
        5.1755810150196575e-17,
        -0.42261826174069944,
        0,
        12.797736985433742,
        -0.5191196815844625,
        -115.43099295614894,
        1
      ],
      "name": "Sphere 16",
      "mesh": 10
    },
    {
      "matrix": [
        -0.8716756668637518,
        1.824825607443856e-16,
        -0.49008318865028794,
        0,
        1.0674948153193279e-16,
        0.9999999999999996,
        1.8248256074438558e-16,
        0,
        0.4900831886502878,
        1.0674948153193279e-16,
        -0.8716756668637516,
        0,
        -2.9112569318967876,
        -0.519119681584463,
        96.64245430800179,
        1
      ],
      "name": "Sphere 20",
      "mesh": 11
    },
    {
      "matrix": [
        0.43293473560682233,
        6.002585748208899e-17,
        0.9014252685081836,
        0,
        6.897945101450185e-17,
        0.9999999999999998,
        -9.9719256836586e-17,
        0,
        -0.9014252685081835,
        1.0535175024575059e-16,
        0.4329347356068223,
        0,
        -119.57862603797338,
        -0.5191196815844485,
        17.950941966895694,
        1
      ],
      "name": "Sphere 20",
      "mesh": 12
    },
    {
      "matrix": [
        -0.9396926207859086,
        8.057929253796545e-17,
        0.3420201433256685,
        0,
        1.1507915602278503e-16,
        0.9999999999999998,
        8.057929253796543e-17,
        0,
        -0.34202014332566844,
        1.1507915602278503e-16,
        -0.9396926207859086,
        0,
        -94.73315569698394,
        -0.5191196815844675,
        -82.82882419092793,
        1
      ],
      "name": "Sphere 19",
      "mesh": 13
    },
    {
      "matrix": [
        -0.08715574274765792,
        4.40243407734534e-16,
        -0.9961946980917454,
        0,
        -4.93784250690257e-17,
        0.9999999999999998,
        4.462451184479134e-16,
        0,
        0.9961946980917453,
        8.808334999972854e-17,
        -0.0871557427476579,
        0,
        -33.11001385308131,
        -0.5191196815844767,
        -110.13982249031481,
        1
      ],
      "name": "Sphere 16",
      "mesh": 14
    },
    {
      "matrix": [
        -0.08715574274765792,
        4.40243407734534e-16,
        -0.9961946980917454,
        0,
        -4.93784250690257e-17,
        0.9999999999999998,
        4.462451184479134e-16,
        0,
        0.9961946980917453,
        8.808334999972854e-17,
        -0.0871557427476579,
        0,
        -22.888797793951227,
        -0.28119539362786045,
        115.90270111824799,
        1
      ],
      "name": "Sphere 16",
      "mesh": 15
    },
    {
      "matrix": [
        -0.08715574274765792,
        4.40243407734534e-16,
        -0.9961946980917454,
        0,
        -4.93784250690257e-17,
        0.9999999999999998,
        4.462451184479134e-16,
        0,
        0.9961946980917453,
        8.808334999972854e-17,
        -0.0871557427476579,
        0,
        92.44324373799057,
        -0.2811953936278746,
        4.9180766706553545,
        1
      ],
      "name": "Sphere 16",
      "mesh": 16
    },
    {
      "matrix": [
        0.9848077530122081,
        0,
        0.17364817766693041,
        0,
        0,
        0.9999999999999998,
        0,
        0,
        -0.17364817766693041,
        0,
        0.984807753012208,
        0,
        -100.91170833963409,
        -0.2811953936278746,
        26.200660603379447,
        1
      ],
      "name": "Sphere 6",
      "mesh": 17
    },
    {
      "matrix": [
        -0.6427876096865403,
        2.1627806744176253e-16,
        -0.7660444431189772,
        0,
        7.871877887341996e-17,
        0.9999999999999996,
        2.1627806744176248e-16,
        0,
        0.7660444431189771,
        7.871877887342e-17,
        -0.64278760968654,
        0,
        52.21911529212752,
        -0.28119539362786394,
        60.350458233129594,
        1
      ],
      "name": "Sphere 16",
      "mesh": 18
    },
    {
      "matrix": [
        1,
        0,
        0,
        0,
        0,
        1,
        0,
        0,
        0,
        0,
        1,
        0,
        11.183040305271078,
        -1.2675130816623676,
        5.684341886080802e-14,
        1
      ],
      "name": "Group",
      "children": [
        10,
        11,
        12,
        13,
        14,
        15,
        16,
        17,
        18,
        19,
        20,
        21,
        22
      ]
    },
    {
      "matrix": [
        0.13415526021687438,
        -3.774758566644901e-16,
        -0.9909603252180755,
        0,
        0.9905488491509151,
        0.028814697637587657,
        0.13409955498079398,
        0,
        0.028554222141999753,
        -0.9995847703922236,
        0.0038656432596406985,
        0,
        28.08816988995286,
        -2.6484617246329587,
        70.98912208419658,
        0.9999999999999996
      ],
      "name": "Cylinder 13",
      "mesh": 19
    },
    {
      "matrix": [
        0.35366080964334545,
        -1.2856448514585467e-15,
        0.935373739059726,
        0,
        -0.9353737390597374,
        -4.139594160567871e-16,
        0.35366080964335,
        0,
        -5.551115123125673e-17,
        -1,
        -1.1102230246251565e-15,
        0,
        93.6758473443074,
        -2.8201042216351544,
        -62.244395833314464,
        1
      ],
      "name": "Cylinder 14",
      "mesh": 20
    },
    {
      "matrix": [
        0.21065980745176022,
        -8.881784197001956e-16,
        -0.9775594332441103,
        0,
        0.9775594332441224,
        -2.2204460492505177e-16,
        0.21065980745176255,
        0,
        -4.440892098500627e-16,
        -1,
        1.110223024625156e-15,
        0,
        -107.5305153294382,
        -2.8201042216351544,
        58.03441074334341,
        1
      ],
      "name": "Cylinder 10",
      "mesh": 21
    },
    {
      "matrix": [
        -0.8913610601528091,
        -8.752970122279024e-16,
        0.45329401103854994,
        0,
        -0.45329401103855527,
        5.144745292247043e-16,
        -0.8913610601528191,
        0,
        4.996003610813185e-16,
        -0.999999999999996,
        -8.881784197001216e-16,
        0,
        74.41588880552074,
        -2.8201042216351726,
        -77.0848935724093,
        1
      ],
      "name": "Cylinder 13",
      "mesh": 22
    },
    {
      "matrix": [
        -0.9943725076910623,
        -5.0661735212942265e-16,
        0.10594015267285609,
        0,
        -0.08822238278379553,
        -0.5536389690811244,
        -0.8280704698821987,
        0,
        0.05865259691008729,
        -0.8327568023828125,
        0.5505233700405965,
        0,
        110.82822145737414,
        3.0436372568701594e-14,
        58.98711823745008,
        1.0000000000000002
      ],
      "name": "Cylinder 13",
      "mesh": 23
    },
    {
      "matrix": [
        0.49400973533658393,
        -4.996003610813625e-16,
        -0.8694563711842266,
        0,
        0.8694563711842399,
        -1.1102230246252687e-16,
        0.4940097353365915,
        0,
        -4.440892098500721e-16,
        -1.0000000000000222,
        6.661338147751087e-16,
        0,
        -89.21724293689525,
        -2.820104221635129,
        77.18416576493634,
        1
      ],
      "name": "Cylinder 4",
      "mesh": 24
    },
    {
      "matrix": [
        -4.4408920985008145e-16,
        1.000000000000042,
        -8.326672684689027e-17,
        0,
        0.866025403784475,
        4.440892098500814e-16,
        0.5000000000000205,
        0,
        0.4999999999999997,
        1.6653345369377358e-16,
        -0.8660254037844386,
        0,
        70.99410671446414,
        -2.8201042216350585,
        69.67516764007438,
        0.9999999999999998
      ],
      "name": "Cylinder 13",
      "mesh": 25
    },
    {
      "matrix": [
        1,
        0,
        0,
        0,
        0,
        1,
        0,
        0,
        0,
        0,
        1,
        0,
        240.61007757406568,
        1.2675130816623659,
        -6.898333541103284,
        1
      ],
      "name": "Group 3",
      "children": [
        24,
        25,
        26,
        27,
        28,
        29,
        30
      ]
    },
    {
      "matrix": [
        1,
        0,
        0,
        0,
        0,
        1,
        0,
        0,
        0,
        0,
        1,
        0,
        -136.59980792649247,
        3.615963175854505,
        279.2828283306021,
        1
      ],
      "name": "sparks",
      "children": [
        9,
        23,
        31
      ]
    },
    {
      "matrix": [
        1,
        0,
        0,
        0,
        0,
        2.2204460492503215e-16,
        -1.0000000000000038,
        0,
        0,
        1.0000000000000038,
        2.2204460492503215e-16,
        0,
        0,
        0,
        0,
        1
      ],
      "name": "ground",
      "mesh": 26
    },
    {
      "matrix": [
        1,
        0,
        0,
        0,
        0,
        2.2204460492505857e-16,
        -1.000000000000123,
        0,
        0,
        1.000000000000123,
        2.2204460492505857e-16,
        0,
        0,
        5.103602117088493,
        -7.105427357601003e-15,
        1
      ],
      "name": "Torus -top",
      "mesh": 27
    },
    {
      "matrix": [
        1,
        0,
        0,
        0,
        0,
        2.220446049250491e-16,
        -1.0000000000000804,
        0,
        0,
        1.0000000000000804,
        2.220446049250491e-16,
        0,
        0,
        -5.137307254343139,
        7.105427357601e-15,
        1
      ],
      "name": "Torus",
      "mesh": 28
    },
    {
      "matrix": [
        0.7447211737796128,
        0.25462018416902854,
        0.6168945899732021,
        0,
        0.6546540713910961,
        -0.4583365514611422,
        -0.6011286487982573,
        0,
        0.12968585171704775,
        0.8515257878706,
        -0.508021074814794,
        0,
        -3.9389529887601946,
        3.1125094819858465,
        29.221158668719067,
        1
      ],
      "name": "Shape 7",
      "mesh": 29
    },
    {
      "matrix": [
        0.5197039400353977,
        -0.255525723355146,
        -0.8152388726107662,
        0,
        -0.8150247960288474,
        0.13787639085734021,
        -0.5627829801109239,
        0,
        0.25620772152696364,
        0.9569204280127964,
        -0.13660489699121842,
        0,
        -45.414063623307584,
        11.476557002549555,
        31.16376258105635,
        0.9999999999999998
      ],
      "name": "Shape 13",
      "mesh": 30
    },
    {
      "matrix": [
        0.9658695438512084,
        -0.2555257233551457,
        0.04245737821213567,
        0,
        0.07987195957914885,
        0.13787639085734052,
        -0.9872236681306742,
        0,
        0.24640717183923314,
        0.9569204280127966,
        0.15357994699247077,
        0,
        -43.470676488214,
        10.352540302993756,
        -13.308627328925335,
        0.9999999999999998
      ],
      "name": "Shape 12",
      "mesh": 31
    },
    {
      "matrix": [
        0.9829876120976998,
        -0.1752257765682527,
        0.055057076644835404,
        0,
        0.06244131192080385,
        0.036906547110508316,
        -0.9973660257629748,
        0,
        0.17273226979413348,
        0.983836284148254,
        0.04722000598618864,
        0,
        56.066952244627245,
        10.5742123026566,
        -8.42832319901304,
        0.9999999999999998
      ],
      "name": "Shape 11",
      "mesh": 32
    },
    {
      "matrix": [
        0.8008943351428098,
        0.02756715616840271,
        0.5981708082455242,
        0,
        0.595877194819222,
        0.06198358431454386,
        -0.8006799635123508,
        0,
        -0.059149240322435404,
        0.9976963902793885,
        0.03321566186259048,
        0,
        45.764343189544284,
        9.804361563489039,
        11.499012507918899,
        0.9999999999999998
      ],
      "name": "Shape 6",
      "mesh": 33
    },
    {
      "matrix": [
        -0.8389093067830454,
        -0.5333178527062797,
        0.10864273090187114,
        0,
        -0.05276470260895789,
        0.27836298748011357,
        0.9590255123613635,
        0,
        -0.5417075420848778,
        0.798802926375565,
        -0.26166165875506175,
        0,
        -53.98482414498685,
        9.024354384641278,
        -28.85811630600352,
        0.9999999999999998
      ],
      "name": "Shape 10",
      "mesh": 34
    },
    {
      "matrix": [
        0.4910295465667871,
        -0.22950709665107044,
        0.8403668704711262,
        0,
        0.8707777681249717,
        0.10138202291193504,
        -0.48111096845720414,
        0,
        0.025220288221059754,
        0.9680124885647503,
        0.24963124613110313,
        0,
        -18.78117111811514,
        11.694238753096485,
        -52.560149449032906,
        1
      ],
      "name": "Shape 13",
      "mesh": 35
    },
    {
      "matrix": [
        -0.4822642850434281,
        -0.22950709665107055,
        0.8454274965711551,
        0,
        0.8520432047857587,
        0.10138202291193546,
        0.5135601840183385,
        0,
        -0.20357685661737163,
        0.9680124885647502,
        0.14665703335575475,
        0,
        42.35280448665314,
        10.570222053540684,
        -32.10582185821315,
        1
      ],
      "name": "Shape 5",
      "mesh": 36
    },
    {
      "matrix": [
        -0.7290071470095446,
        0.6239063859372823,
        -0.2815837374490344,
        0,
        -0.10359441208332401,
        0.30606764553790017,
        0.9463565893151452,
        0,
        0.6766215909902908,
        0.7190712189635302,
        -0.15849228581929906,
        0,
        69.29210933252239,
        5.981023498669833,
        -5.989383139351682,
        1
      ],
      "name": "Shape 4",
      "mesh": 37
    },
    {
      "matrix": [
        -0.8845231764839193,
        -0.25571738824053497,
        -0.3901632576425829,
        0,
        -0.46537558166885085,
        0.42576234693215037,
        0.7759845307229919,
        0,
        -0.03231591325094048,
        0.8679487549886942,
        -0.4956012918309407,
        0,
        -4.408946132007839,
        10.533820215827427,
        -60.69725902258128,
        0.9999999999999998
      ],
      "name": "Shape 9",
      "mesh": 38
    },
    {
      "matrix": [
        -0.8371800710135262,
        -0.15611416187326857,
        -0.5241735372569724,
        0,
        -0.3654349446792706,
        -0.5533984865187375,
        0.7484700503869347,
        0,
        -0.4069236167945551,
        0.8181555375242182,
        0.4062446141347006,
        0,
        -49.55193786104379,
        1.9852954059529069,
        48.5727232407952,
        1.0000000000000002
      ],
      "name": "Shape 8",
      "mesh": 39
    },
    {
      "matrix": [
        -0.8144057085091025,
        0.2131891479797782,
        0.5397163413604422,
        0,
        0.4964008055411719,
        -0.2257647342207645,
        0.8382222408409952,
        0,
        0.30054880170441994,
        0.9505686045552061,
        0.07803682353962856,
        0,
        50.31261960321501,
        8.65139895410735,
        4.640395366632788,
        1.0000000000000002
      ],
      "name": "Shape 13",
      "mesh": 40
    },
    {
      "matrix": [
        -0.8746109167102881,
        0.21318914797977795,
        -0.4354378618757261,
        0,
        -0.47772135181483355,
        -0.22576473422076496,
        0.8490068284782117,
        0,
        0.08269252923624765,
        0.950568604555206,
        0.2993013091228141,
        0,
        27.362574926641425,
        7.527382254551557,
        56.331428558057176,
        1.0000000000000002
      ],
      "name": "Shape 3",
      "mesh": 41
    },
    {
      "matrix": [
        0.8550357002738961,
        0.1589706771874535,
        -0.49360133210080387,
        0,
        -0.5162630202796157,
        0.17128273961213503,
        -0.8391273544599093,
        0,
        -0.04885125534658246,
        0.9723119596639982,
        0.22852353914978035,
        0,
        -23.905133079413417,
        9.186084506230763,
        51.07207264033107,
        1
      ],
      "name": "Shape 2",
      "mesh": 42
    },
    {
      "matrix": [
        0.49690843918233657,
        -0.11103158234256558,
        -0.8606706633735564,
        0,
        -0.8660254037844891,
        -1.739705377654523e-16,
        -0.5000000000000293,
        0,
        0.055515791171286126,
        0.9938168783647311,
        -0.09615617093105136,
        0,
        -40.04438428497588,
        11.033503081355235,
        47.48547735967804,
        1
      ],
      "name": "Shape 13",
      "mesh": 43
    },
    {
      "matrix": [
        0.993816878364673,
        -0.1110315823425654,
        -1.3877787807814449e-17,
        0,
        -2.775557561563051e-17,
        1.1102230246252216e-16,
        -1.0000000000000582,
        0,
        0.11103158234257188,
        0.9938168783647309,
        1.1102230246252196e-16,
        0,
        -54.92085645065842,
        9.909486381799443,
        -0.49749122244282107,
        1
      ],
      "name": "Shape",
      "mesh": 44
    },
    {
      "matrix": [
        1,
        0,
        0,
        0,
        0,
        1,
        0,
        0,
        0,
        0,
        1,
        0,
        -1.6777337364229652,
        22.727496044126816,
        2.361260083326158,
        1
      ],
      "name": "variants-1",
      "children": [
        36,
        37,
        38,
        39,
        40,
        41,
        42,
        43,
        44,
        45,
        46,
        47,
        48,
        49,
        50,
        51
      ]
    },
    {
      "matrix": [
        0.9699885267643735,
        -0.23365678798714354,
        0.06728122600704639,
        0,
        0.021496980136507252,
        -0.1769682587419699,
        -0.9245024607504287,
        0,
        0.2420763573930056,
        0.9539792804121798,
        -0.1769818344791134,
        0,
        -287.30283296278856,
        83.67948604180356,
        227.76868881139794,
        1
      ],
      "name": "Donut",
      "children": [
        34,
        35,
        52
      ]
    },
    {
      "matrix": [
        1,
        0,
        0,
        0,
        0,
        2.2204460492505857e-16,
        -1.000000000000123,
        0,
        0,
        1.000000000000123,
        2.2204460492505857e-16,
        0,
        0,
        5.103602117088493,
        -7.105427357601003e-15,
        1
      ],
      "name": "Torus -top",
      "mesh": 45
    },
    {
      "matrix": [
        1,
        0,
        0,
        0,
        0,
        2.220446049250491e-16,
        -1.0000000000000804,
        0,
        0,
        1.0000000000000804,
        2.220446049250491e-16,
        0,
        0,
        -5.137307254343139,
        7.105427357601e-15,
        1
      ],
      "name": "Torus",
      "mesh": 28
    },
    {
      "matrix": [
        -0.08715574274765792,
        4.402434077345339e-16,
        -0.9961946980917454,
        0,
        -4.93784250690257e-17,
        0.9999999999999998,
        4.462451184479134e-16,
        0,
        0.9961946980917453,
        8.808334999972853e-17,
        -0.0871557427476579,
        0,
        14.016168625218256,
        -2.0557237086759415,
        11.297537016854221,
        1
      ],
      "name": "Sphere 16",
      "mesh": 46
    },
    {
      "matrix": [
        1,
        0,
        5.551115123125783e-17,
        0,
        0,
        0.9999999999999998,
        0,
        0,
        -5.551115123125782e-17,
        0,
        0.9999999999999999,
        0,
        -39.161604771984,
        -4.887605753763637,
        -6.948913146262953,
        1
      ],
      "name": "Sphere 12",
      "mesh": 47
    },
    {
      "matrix": [
        -0.9848077530122081,
        5.452881212690402e-16,
        0.17364817766693028,
        0,
        5.579466631395967e-16,
        0.9999999999999998,
        2.4083629406967258e-17,
        0,
        -0.17364817766693025,
        1.2060416625018976e-16,
        -0.984807753012208,
        0,
        22.553473942922437,
        -1.6400763179335627,
        -80.33361179213233,
        1
      ],
      "name": "Sphere 20",
      "mesh": 48
    },
    {
      "matrix": [
        -0.08715574274765792,
        4.402434077345339e-16,
        -0.9961946980917454,
        0,
        -4.93784250690257e-17,
        0.9999999999999998,
        4.462451184479134e-16,
        0,
        0.9961946980917453,
        8.808334999972853e-17,
        -0.0871557427476579,
        0,
        44.235984865942896,
        -1.4341507407734762,
        8.50687254540156,
        1
      ],
      "name": "Sphere 16",
      "mesh": 49
    },
    {
      "matrix": [
        0.4226182617406986,
        8.057929253796548e-17,
        0.9063077870366504,
        0,
        7.024285468436551e-17,
        0.9999999999999998,
        -1.216641931819984e-16,
        0,
        -0.9063077870366503,
        1.1507915602278505e-16,
        0.42261826174069855,
        0,
        -71.54085002470674,
        -5.093793150124839,
        -33.956265562932714,
        1
      ],
      "name": "Sphere 20",
      "mesh": 48
    },
    {
      "matrix": [
        -0.9396926207859086,
        8.057929253796545e-17,
        0.3420201433256685,
        0,
        1.1507915602278503e-16,
        0.9999999999999998,
        8.057929253796543e-17,
        0,
        -0.34202014332566844,
        1.1507915602278503e-16,
        -0.9396926207859085,
        0,
        6.2359791345865005,
        -4.887867572964752,
        -89.2714461689489,
        1
      ],
      "name": "Sphere 19",
      "mesh": 50
    },
    {
      "matrix": [
        -0.08715574274765925,
        2.444633447492973e-16,
        -0.9961946980917454,
        0,
        1.0673500138323103e-17,
        0.9999999999999998,
        2.4446334474929726e-16,
        0,
        0.9961946980917453,
        1.0673500138323105e-17,
        -0.08715574274765923,
        0,
        49.83773303882606,
        -2.907382690347731,
        7.566146184504419,
        1
      ],
      "name": "Sphere 20",
      "mesh": 51
    },
    {
      "matrix": [
        1,
        0,
        5.551115123125783e-17,
        0,
        0,
        0.9999999999999998,
        0,
        0,
        -5.551115123125782e-17,
        0,
        0.9999999999999999,
        0,
        -45.70726786075329,
        -2.7014571131876437,
        28.026338104309104,
        1
      ],
      "name": "Sphere 2",
      "mesh": 52
    },
    {
      "matrix": [
        0.8660254037844388,
        4.4024340773453407e-16,
        -0.4999999999999998,
        0,
        -4.2530364994660147e-16,
        0.9999999999999998,
        1.4383928511706567e-16,
        0,
        0.4999999999999997,
        8.808334999972885e-17,
        0.8660254037844387,
        0,
        41.8357057427022,
        -0.13853156309049552,
        -41.86589871467643,
        1
      ],
      "name": "Sphere 20",
      "mesh": 53
    },
    {
      "matrix": [
        0.4226182617406993,
        4.40243407734534e-16,
        0.9063077870366499,
        0,
        -1.0622427770654168e-16,
        0.9999999999999998,
        -4.362216608865421e-16,
        0,
        -0.9063077870366498,
        8.808334999972887e-17,
        0.4226182617406992,
        0,
        4.234095816124523,
        0.06739401406959189,
        24.3630475266487,
        1
      ],
      "name": "Sphere 19",
      "mesh": 54
    },
    {
      "matrix": [
        -0.9848077530122081,
        5.452881212690402e-16,
        0.17364817766693028,
        0,
        5.579466631395967e-16,
        0.9999999999999998,
        2.4083629406967258e-17,
        0,
        -0.17364817766693025,
        1.2060416625018976e-16,
        -0.984807753012208,
        0,
        -56.267092156224976,
        -0.13853156309049552,
        -28.850966497448553,
        1
      ],
      "name": "Sphere 20",
      "mesh": 53
    },
    {
      "matrix": [
        -0.08715574274765792,
        4.402434077345339e-16,
        -0.9961946980917454,
        0,
        -4.93784250690257e-17,
        0.9999999999999998,
        4.462451184479134e-16,
        0,
        0.9961946980917453,
        8.808334999972853e-17,
        -0.0871557427476579,
        0,
        -0.18108843819697995,
        0.06739401406959189,
        -74.50076569243143,
        1
      ],
      "name": "Sphere 16",
      "mesh": 55
    },
    {
      "matrix": [
        0.4226182617406986,
        8.057929253796548e-17,
        0.9063077870366504,
        0,
        7.024285468436551e-17,
        0.9999999999999998,
        -1.216641931819984e-16,
        0,
        -0.9063077870366503,
        1.1507915602278505e-16,
        0.42261826174069855,
        0,
        0.7980425481114253,
        -12.275372703094021,
        48.293809711125846,
        1
      ],
      "name": "Sphere 20",
      "mesh": 53
    },
    {
      "matrix": [
        -0.9396926207859086,
        8.057929253796545e-17,
        0.3420201433256685,
        0,
        1.1507915602278503e-16,
        0.9999999999999998,
        8.057929253796543e-17,
        0,
        -0.34202014332566844,
        1.1507915602278503e-16,
        -0.9396926207859085,
        0,
        -82.00585968280461,
        -12.069447125933934,
        -24.376391323640405,
        1
      ],
      "name": "Sphere 19",
      "mesh": 54
    },
    {
      "matrix": [
        -0.08715574274765925,
        2.444633447492973e-16,
        -0.9961946980917454,
        0,
        1.0673500138323103e-17,
        0.9999999999999998,
        2.4446334474929726e-16,
        0,
        0.9961946980917453,
        1.0673500138323105e-17,
        -0.08715574274765923,
        0,
        13.132133520022762,
        -12.275372703094021,
        -99.53767174981957,
        1
      ],
      "name": "Sphere 20",
      "mesh": 53
    },
    {
      "matrix": [
        1,
        0,
        5.551115123125783e-17,
        0,
        0,
        0.9999999999999998,
        0,
        0,
        -5.551115123125782e-17,
        0,
        0.9999999999999999,
        0,
        64.18809149986328,
        -12.069447125933934,
        0.7951272765741917,
        1
      ],
      "name": "Sphere 9",
      "mesh": 56
    },
    {
      "matrix": [
        0.17364817766692853,
        1.1179117977641263e-16,
        0.9848077530122084,
        0,
        1.0073289633880389e-16,
        0.9999999999999998,
        -1.3127766638851274e-16,
        0,
        -0.9848077530122082,
        1.2199866483456143e-16,
        0.1736481776669285,
        0,
        -68.77471490695939,
        -4.498634597279292,
        -2.952296534680272,
        1
      ],
      "name": "Sphere 20",
      "mesh": 57
    },
    {
      "matrix": [
        -0.9961946980917458,
        1.1179117977641244e-16,
        0.08715574274765762,
        0,
        1.21998664834562e-16,
        0.9999999999999998,
        1.117911797764124e-16,
        0,
        -0.08715574274765761,
        1.21998664834562e-16,
        -0.9961946980917457,
        0,
        -24.891094991886916,
        -4.292709020119204,
        -89.21801097922628,
        1
      ],
      "name": "Sphere 19",
      "mesh": 58
    },
    {
      "matrix": [
        0.08715574274765814,
        2.3345537295841077e-16,
        -0.9961946980917454,
        0,
        -7.190584009569011e-17,
        0.9999999999999998,
        2.2805618870705273e-16,
        0,
        0.9961946980917453,
        5.175581015019611e-17,
        0.08715574274765812,
        0,
        52.073069836984814,
        0.2529544334684033,
        -32.802563493259214,
        1
      ],
      "name": "Sphere 20",
      "mesh": 59
    },
    {
      "matrix": [
        0.984807753012208,
        2.334553729584107e-16,
        0.17364817766693075,
        0,
        -2.209213591555421e-16,
        0.9999999999999998,
        -9.150862318012317e-17,
        0,
        -0.17364817766693072,
        5.1755810150196563e-17,
        0.9848077530122079,
        0,
        -5.686995749894891,
        0.4588800106284907,
        33.77153364681425,
        1
      ],
      "name": "Sphere 18",
      "mesh": 60
    },
    {
      "matrix": [
        0.6427876096865395,
        2.334553729584108e-16,
        -0.7660444431189779,
        0,
        -1.8970947191709542e-16,
        0.9999999999999998,
        1.455691976772238e-16,
        0,
        0.7660444431189778,
        5.17558101501967e-17,
        0.6427876096865394,
        0,
        53.61880391361444,
        -2.4430625529712415,
        -6.558143902309666,
        1
      ],
      "name": "Sphere 20",
      "mesh": 61
    },
    {
      "matrix": [
        0.7071067811865475,
        2.334553729584107e-16,
        0.7071067811865477,
        0,
        -1.2848099300031912e-16,
        0.9999999999999998,
        -2.0167476164633436e-16,
        0,
        -0.7071067811865476,
        5.175581015019666e-17,
        0.7071067811865474,
        0,
        -31.966267002433028,
        -2.237136975811154,
        33.02403385618203,
        1
      ],
      "name": "Sphere 19",
      "mesh": 62
    },
    {
      "matrix": [
        -0.8660254037844388,
        6.123233995736769e-17,
        0.4999999999999998,
        0,
        1.0605752387249068e-16,
        0.9999999999999998,
        6.123233995736767e-17,
        0,
        -0.4999999999999997,
        1.0605752387249069e-16,
        -0.8660254037844387,
        0,
        -51.88723174847405,
        -1.2077828069850511,
        -61.63022142062141,
        1
      ],
      "name": "Sphere 20",
      "mesh": 61
    },
    {
      "matrix": [
        -0.4226182617406995,
        2.3345537295841077e-16,
        -0.90630778703665,
        0,
        5.175581015019657e-17,
        0.9999999999999998,
        2.334553729584107e-16,
        0,
        0.9063077870366499,
        5.1755810150196575e-17,
        -0.42261826174069944,
        0,
        32.09170153669694,
        -1.001857229824969,
        -67.28067166630412,
        1
      ],
      "name": "Sphere 16",
      "mesh": 63
    },
    {
      "matrix": [
        -0.8716756668637518,
        1.8248256074438566e-16,
        -0.4900831886502879,
        0,
        1.0674948153193279e-16,
        0.9999999999999998,
        1.824825607443856e-16,
        0,
        0.4900831886502878,
        1.067494815319328e-16,
        -0.8716756668637516,
        0,
        15.84169318941008,
        -3.1751711285542115,
        -86.54804377678681,
        1
      ],
      "name": "Sphere 20",
      "mesh": 59
    },
    {
      "matrix": [
        0.5641898143378838,
        6.002585748208896e-17,
        -0.8256451134702998,
        0,
        -1.2084913517423952e-16,
        0.9999999999999998,
        -9.878328499369803e-18,
        0,
        0.8256451134702997,
        1.0535175024575068e-16,
        0.5641898143378837,
        0,
        51.01173929743925,
        -2.969245551394124,
        2.3622555793756987,
        1
      ],
      "name": "Sphere 19",
      "mesh": 64
    },
    {
      "matrix": [
        0.5828883393532589,
        6.002585748208888e-17,
        0.8125522653011313,
        0,
        5.061543092963352e-17,
        0.9999999999999998,
        -1.1018245322241906e-16,
        0,
        -0.8125522653011312,
        1.0535175024575066e-16,
        0.5828883393532588,
        0,
        -58.84272027266195,
        -4.454556450611548,
        14.920316032944015,
        1
      ],
      "name": "Sphere 20",
      "mesh": 59
    },
    {
      "matrix": [
        -0.8602623247707066,
        6.00258574820889e-17,
        0.5098516770396068,
        0,
        1.0535175024575066e-16,
        0.9999999999999998,
        6.002585748208889e-17,
        0,
        -0.5098516770396067,
        1.0535175024575068e-16,
        -0.8602623247707065,
        0,
        -43.561327242120115,
        -4.248630873451461,
        -80.88151140623597,
        1
      ],
      "name": "Sphere 18",
      "mesh": 60
    },
    {
      "matrix": [
        -0.9999348656898945,
        1.2106694862855313e-16,
        0.011413342093045224,
        0,
        1.2245670326229673e-16,
        0.9999999999999998,
        1.210669486285531e-16,
        0,
        -0.011413342093045223,
        1.2245670326229673e-16,
        -0.9999348656898944,
        0,
        -0.9245746801439054,
        -4.248630873451461,
        -92.39074369193074,
        1
      ],
      "name": "Sphere 19",
      "mesh": 62
    },
    {
      "matrix": [
        0.9688169016787102,
        0,
        0.24777774521063106,
        0,
        0,
        0.9999999999999998,
        0,
        0,
        -0.24777774521063103,
        0,
        0.96881690167871,
        0,
        -39.5346995467454,
        -2.969245551394124,
        31.820201980797776,
        1
      ],
      "name": "Sphere 17",
